400	0.043095	0.00017732
401	0.043095	0.00017477
402	0.043095	0.00017325
403	0.043095	0.0001736
404	0.043095	0.00017683
405	0.043096	0.00018405
406	0.043006	0.0001947
407	0.042916	0.00020584
408	0.042839	0.00021728
409	0.042748	0.00022908
410	0.042658	0.00023913
411	0.042594	0.00024642
412	0.04253	0.00025597
413	0.042453	0.00026831
414	0.04239	0.00028195
415	0.042327	0.00029692
416	0.042264	0.00031211
417	0.042214	0.00032638
418	0.042151	0.00034086
419	0.0421	0.00035371
420	0.042037	0.00036282
421	0.041998	0.00036674
422	0.041959	0.00036999
423	0.041908	0.00037267
424	0.04187	0.00038036
425	0.041832	0.00038754
426	0.041793	0.00039116
427	0.041754	0.00038928
428	0.041728	0.00039114
429	0.04169	0.00039375
430	0.04165	0.00038944
431	0.041623	0.00038291
432	0.041583	0.00037783
433	0.041556	0.00037576
434	0.041517	0.00037576
435	0.041491	0.00037646
436	0.041466	0.00037723
437	0.04144	0.00038118
438	0.041415	0.00038492
439	0.04139	0.00039164
440	0.041366	0.00040233
441	0.04133	0.00042401
442	0.041296	0.00045203
443	0.041275	0.00047944
444	0.041242	0.00051458
445	0.041211	0.00055766
446	0.041193	0.00060392
447	0.041177	0.0006541
448	0.041151	0.00072089
449	0.041141	0.00080118
450	0.041135	0.00089666
451	0.041133	0.0010076
452	0.041136	0.0011367
453	0.041142	0.0012733
454	0.041151	0.0014149
455	0.041161	0.0015604
456	0.041174	0.0017107
457	0.041203	0.0018691
458	0.04122	0.0020235
459	0.041248	0.00217
460	0.041262	0.0023112
461	0.041277	0.0024502
462	0.0413	0.0025699
463	0.041308	0.0026843
464	0.041332	0.0028046
465	0.041345	0.0029319
466	0.041369	0.0030483
467	0.041391	0.0031599
468	0.041398	0.0032628
469	0.041418	0.0033644
470	0.041437	0.0034596
471	0.041449	0.0035379
472	0.041448	0.003613
473	0.04146	0.0036861
474	0.041457	0.0037561
475	0.041465	0.0038188
476	0.041474	0.0038822
477	0.04149	0.0039695
478	0.041494	0.0040561
479	0.041511	0.0041422
480	0.041532	0.0042392
481	0.041565	0.0043694
482	0.041594	0.0045267
483	0.041644	0.0047001
484	0.041696	0.0049141
485	0.041775	0.0051632
486	0.041872	0.0054535
487	0.041977	0.0057939
488	0.042119	0.0061901
489	0.042279	0.0066529
490	0.042475	0.0071605
491	0.0427	0.0077266
492	0.042949	0.008364
493	0.043253	0.009079
494	0.043583	0.0098635
495	0.043977	0.010734
496	0.044415	0.011701
497	0.044917	0.012773
498	0.045502	0.013952
499	0.046148	0.015242
500	0.046883	0.016665
501	0.047711	0.018217
502	0.048633	0.019895
503	0.049681	0.021718
504	0.050832	0.023695
505	0.052109	0.025826
506	0.053528	0.028129
507	0.055093	0.030605
508	0.056812	0.033256
509	0.058689	0.03608
510	0.060739	0.039093
511	0.06298	0.042312
512	0.0654	0.04574
513	0.068024	0.049352
514	0.07083	0.053165
515	0.073818	0.057122
516	0.076958	0.061235
517	0.080257	0.065459
518	0.083664	0.069782
519	0.087183	0.074158
520	0.09076	0.078577
521	0.094382	0.083002
522	0.098021	0.087401
523	0.10164	0.091703
524	0.10515	0.095874
525	0.10855	0.099886
526	0.11179	0.1037
527	0.11485	0.10727
528	0.11769	0.11059
529	0.12032	0.11365
530	0.12274	0.11647
531	0.12494	0.11902
532	0.12691	0.12132
533	0.12862	0.12337
534	0.13014	0.12516
535	0.13145	0.12672
536	0.13257	0.12806
537	0.13351	0.12924
538	0.13433	0.13025
539	0.13499	0.13112
540	0.13555	0.13186
541	0.13604	0.1325
542	0.13643	0.13308
543	0.13682	0.13361
544	0.13716	0.13415
545	0.13752	0.13465
546	0.13787	0.13518
547	0.13821	0.13566
548	0.1385	0.13614
549	0.13875	0.13653
550	0.13893	0.13687
551	0.13901	0.13711
552	0.13899	0.13721
553	0.1388	0.13715
554	0.13849	0.13691
555	0.13799	0.13651
556	0.13733	0.13593
557	0.13649	0.13515
558	0.13547	0.13417
559	0.1343	0.13301
560	0.13299	0.13171
561	0.13153	0.13022
562	0.12995	0.1286
563	0.12824	0.12682
564	0.12641	0.12491
565	0.12442	0.12281
566	0.12235	0.12059
567	0.12016	0.11824
568	0.11791	0.11577
569	0.11557	0.11322
570	0.11323	0.11066
571	0.1109	0.10808
572	0.10861	0.10554
573	0.1064	0.10305
574	0.10428	0.10068
575	0.10227	0.098416
576	0.10037	0.096285
577	0.098583	0.094266
578	0.096928	0.092366
579	0.095356	0.090587
580	0.09388	0.088915
581	0.092463	0.087307
582	0.091126	0.085787
583	0.089889	0.084351
584	0.088707	0.083008
585	0.087584	0.081731
586	0.086562	0.080544
587	0.085593	0.079448
588	0.084706	0.07842
589	0.083864	0.077475
590	0.083116	0.076615
591	0.082421	0.07582
592	0.081784	0.075096
593	0.0812	0.074437
594	0.080669	0.073843
595	0.080181	0.073304
596	0.079716	0.072793
597	0.079247	0.072276
598	0.078806	0.071762
599	0.078347	0.071254
600	0.077862	0.070712
601	0.077335	0.070111
602	0.076773	0.069462
603	0.076187	0.068749
604	0.075526	0.067965
605	0.074811	0.067105
606	0.074051	0.066151
607	0.073218	0.065123
608	0.072354	0.06402
609	0.071434	0.062865
610	0.070519	0.061679
611	0.069607	0.060489
612	0.06867	0.059287
613	0.067728	0.058041
614	0.066788	0.056819
615	0.065902	0.055635
616	0.065051	0.054492
617	0.064236	0.053393
618	0.063463	0.052375
619	0.062785	0.051458
620	0.062183	0.050645
621	0.061635	0.049908
622	0.061163	0.049278
623	0.060753	0.048734
624	0.060396	0.048268
625	0.060101	0.047889
626	0.059849	0.047574
627	0.059664	0.047328
628	0.059492	0.04713
629	0.059347	0.046943
630	0.059175	0.046744
631	0.058992	0.0465
632	0.058749	0.046194
633	0.05844	0.04576
634	0.058039	0.045215
635	0.057551	0.044508
636	0.056967	0.043652
637	0.056264	0.042608
638	0.05549	0.041447
639	0.054625	0.040135
640	0.053719	0.038744
641	0.052766	0.037265
642	0.051798	0.035741
643	0.050835	0.034179
644	0.049885	0.032643
645	0.048959	0.031126
646	0.048091	0.029684
647	0.047306	0.028336
648	0.046578	0.027094
649	0.045964	0.026011
650	0.045408	0.025044
651	0.044944	0.024206
652	0.044509	0.023439
653	0.04411	0.022704
654	0.043697	0.02196
655	0.043268	0.021152
656	0.0428	0.020287
657	0.042287	0.019293
658	0.041734	0.018233
659	0.041148	0.017054
660	0.040542	0.015839
661	0.039924	0.014535
662	0.039336	0.013261
663	0.038766	0.012016
664	0.038258	0.010842
665	0.037797	0.0097408
666	0.03738	0.0087386
667	0.037053	0.0079005
668	0.036761	0.0071629
669	0.036541	0.0065612
670	0.036342	0.0060385
671	0.036202	0.0056373
672	0.036077	0.0053062
673	0.035993	0.0050556
674	0.035913	0.0048502
675	0.035872	0.004723
676	0.035829	0.0046288
677	0.03582	0.0046402
678	0.035837	0.0046945
679	0.035899	0.0049235
680	0.035994	0.0052488
681	0.036207	0.0059108
682	0.036507	0.0067554
683	0.036986	0.0080674
684	0.037645	0.0097252
685	0.038619	0.012051
686	0.039901	0.014902
687	0.041627	0.018478
688	0.043863	0.022773
689	0.046735	0.027975
690	0.050292	0.034029
691	0.054603	0.04096
692	0.059742	0.048771
693	0.06575	0.057505
694	0.072599	0.067014
695	0.080141	0.077124
696	0.088435	0.087878
697	0.09732	0.099066
698	0.10678	0.11064
699	0.11654	0.12236
700	0.12662	0.13423
701	0.13681	0.14604
702	0.14705	0.15774
703	0.15719	0.16919
704	0.16722	0.1804
705	0.17704	0.19128
706	0.18668	0.20188
707	0.1961	0.21216
708	0.20532	0.22222
709	0.21437	0.232
710	0.22326	0.24156
711	0.23194	0.25091
712	0.24049	0.26002
713	0.24887	0.269
714	0.25715	0.27777
715	0.26523	0.28638
716	0.27318	0.29484
717	0.28099	0.30305
718	0.28859	0.31111
719	0.29605	0.31894
720	0.30331	0.3266
721	0.31036	0.33405
722	0.31723	0.34129
723	0.32389	0.34831
724	0.33032	0.35508
725	0.33652	0.36162
726	0.3425	0.36791
727	0.3482	0.37391
728	0.3537	0.37964
729	0.35893	0.38516
730	0.36391	0.3904
731	0.36861	0.39536
732	0.3731	0.40011
733	0.37738	0.40458
734	0.38136	0.4088
735	0.38507	0.41273
736	0.38857	0.41646
737	0.39182	0.41993
738	0.39488	0.42313
739	0.39772	0.42618
740	0.40033	0.42898
741	0.4027	0.43155
742	0.40494	0.43391
743	0.40695	0.43611
744	0.40882	0.43809
745	0.41049	0.43994
746	0.41203	0.44159
747	0.4134	0.44306
748	0.4146	0.44442
749	0.4157	0.44563
750	0.41666	0.44667
751	0.41759	0.44777
752	0.41855	0.44882
753	0.41947	0.44991
754	0.42042	0.45095
755	0.42133	0.45202
756	0.42227	0.45305
757	0.42318	0.45406
758	0.42406	0.4551
759	0.42495	0.45607
760	0.42582	0.45704
761	0.42667	0.45798
762	0.42749	0.45889
763	0.4283	0.45978
764	0.42907	0.46065
765	0.42981	0.46148
766	0.43052	0.46228
767	0.4312	0.46304
768	0.43187	0.46373
769	0.43247	0.46441
770	0.43303	0.46506
771	0.43357	0.46561
772	0.43404	0.46616
773	0.43448	0.46662
774	0.43485	0.46706
775	0.43519	0.46741
776	0.43548	0.46771
777	0.4357	0.46794
778	0.43584	0.46815
779	0.43594	0.46825
780	0.43598	0.46829
781	0.43598	0.4683
782	0.43599	0.4683
783	0.43599	0.4683
784	0.43599	0.4683
785	0.436	0.46831
786	0.43601	0.46832
787	0.43605	0.46829
788	0.43605	0.46829
789	0.43608	0.46825
790	0.43609	0.46826
791	0.4361	0.46826
792	0.4361	0.46827
793	0.43614	0.46824
794	0.43614	0.46824
795	0.43615	0.46825
796	0.43615	0.46825
797	0.43619	0.46822
798	0.43619	0.46822
799	0.43623	0.46818
800	0.43624	0.46819
801	0.43624	0.46819
802	0.43627	0.46815
803	0.43627	0.46816
804	0.43631	0.46812
805	0.43631	0.46812
806	0.43631	0.46812
807	0.43631	0.46812
808	0.43632	0.46813
809	0.43631	0.46812
810	0.43631	0.46812
811	0.43631	0.46812
812	0.43631	0.46812
813	0.43631	0.46812
814	0.4363	0.46811
815	0.4363	0.46811
816	0.4363	0.46811
817	0.43629	0.4681
818	0.43628	0.46809
819	0.43628	0.46809
820	0.43628	0.46809
821	0.43626	0.46807
822	0.43624	0.46805
823	0.43624	0.46805
824	0.43623	0.46804
825	0.4362	0.46801
826	0.43616	0.46797
827	0.43614	0.46795
828	0.43615	0.46789
829	0.4361	0.46784
830	0.43607	0.46781
831	0.43605	0.46778
832	0.43601	0.46774
833	0.43597	0.4677
834	0.43595	0.46769
835	0.43594	0.46768
836	0.43592	0.46765
837	0.43591	0.46764
838	0.4359	0.46764
839	0.43589	0.46762
840	0.43588	0.46761
841	0.43587	0.4676
842	0.43587	0.4676
843	0.43586	0.46759
844	0.43585	0.46758
845	0.43585	0.46758
846	0.43584	0.46757
847	0.43583	0.46756
848	0.4358	0.4676
849	0.43578	0.46758
850	0.43578	0.46758
851	0.43578	0.46758
852	0.43577	0.46757
853	0.43577	0.46757
854	0.43576	0.46756
855	0.43576	0.46756
856	0.43574	0.46754
857	0.43574	0.46754
858	0.43571	0.46758
859	0.43569	0.46756
860	0.43569	0.46756
861	0.43568	0.46756
862	0.43567	0.46754
863	0.43564	0.46758
864	0.43563	0.46757
865	0.43562	0.46756
866	0.4356	0.46755
867	0.4356	0.46754
868	0.43559	0.46753
869	0.43559	0.46753
870	0.43558	0.46752
871	0.43556	0.4675
872	0.43555	0.46749
873	0.43551	0.46752
874	0.4355	0.46751
875	0.43548	0.46749
876	0.43547	0.46748
877	0.43543	0.46751
878	0.43542	0.4675
879	0.43537	0.46753
880	0.43535	0.4675
881	0.43534	0.46749
882	0.43532	0.46748
883	0.43527	0.4675
884	0.43526	0.46748
885	0.43525	0.46747
886	0.43524	0.46746
887	0.43523	0.46745
888	0.43517	0.46747
889	0.43516	0.46745
890	0.43515	0.46744
891	0.43512	0.46742
892	0.43508	0.46744
893	0.43507	0.46744
894	0.43504	0.46747
895	0.43502	0.46746
896	0.435	0.46743
897	0.43499	0.46742
898	0.43495	0.46745
899	0.43492	0.46743
900	0.43491	0.46742
901	0.4349	0.4674
902	0.43484	0.46742
903	0.43482	0.4674
904	0.43478	0.46743
905	0.43477	0.46742
906	0.43476	0.4674
907	0.43472	0.46737
908	0.43467	0.46739
909	0.43466	0.46737
910	0.43464	0.46736
911	0.43462	0.46733
912	0.43454	0.46733
913	0.43451	0.4673
914	0.43446	0.46732
915	0.43444	0.4673
916	0.4344	0.46726
917	0.43432	0.46718
918	0.43424	0.46717
919	0.43421	0.46713
920	0.43418	0.4671
921	0.43411	0.46703
922	0.43396	0.46695
923	0.43387	0.46686
924	0.43378	0.46684
925	0.43371	0.46676
926	0.43363	0.46668
927	0.43354	0.46666
928	0.43341	0.46654
929	0.43317	0.46637
930	0.43304	0.46623
931	0.43292	0.46618
932	0.4328	0.46605
933	0.43265	0.46597
934	0.43256	0.46588
935	0.43238	0.46577
936	0.43215	0.46553
937	0.43192	0.46537
938	0.43178	0.46523
939	0.43164	0.46515
940	0.43141	0.46493
941	0.43104	0.46455
942	0.43079	0.46436
943	0.43065	0.46421
944	0.43041	0.46404
945	0.43015	0.46378
946	0.4299	0.46352
947	0.42966	0.46335
948	0.42947	0.46316
949	0.42904	0.46278
950	0.42834	0.46207
951	0.42789	0.46161
952	0.42755	0.46134
953	0.42714	0.46091
954	0.42665	0.46048
955	0.42624	0.46006
956	0.42587	0.45968
957	0.4255	0.45937
958	0.42521	0.45907
959	0.42496	0.45889
960	0.42468	0.4586
961	0.42426	0.45825
962	0.42408	0.45807
963	0.424	0.45805
964	0.42392	0.45798
965	0.4238	0.45792
966	0.42369	0.45788
967	0.42364	0.45782
968	0.42357	0.45783
969	0.42354	0.45779
970	0.42347	0.4578
971	0.42341	0.45781
972	0.42337	0.45777
973	0.42331	0.45778
974	0.42325	0.45772
975	0.42321	0.45775
976	0.42319	0.4578
977	0.4232	0.45781
978	0.42319	0.45787
979	0.42323	0.45791
980	0.42325	0.45801
981	0.42326	0.45809
982	0.42328	0.45818
983	0.42333	0.45824
984	0.42337	0.45835
985	0.42341	0.45846
986	0.42346	0.45859
987	0.42355	0.45868
988	0.42361	0.45882
989	0.4237	0.45891
990	0.42377	0.45905
991	0.42386	0.45922
992	0.42395	0.45938
993	0.42404	0.45948
994	0.4241	0.45961
995	0.42419	0.45977
996	0.42429	0.45995
997	0.42438	0.46012
998	0.4245	0.46024
999	0.42459	0.4604
1000	0.42468	0.46057
1001	0.42479	0.46076
1002	0.4249	0.46094
1003	0.42502	0.46106
1004	0.4251	0.46122
1005	0.42521	0.4614
1006	0.42532	0.46159
1007	0.42544	0.46178
1008	0.42559	0.46194
1009	0.42571	0.46214
1010	0.42583	0.46234
1011	0.42595	0.46253
1012	0.42607	0.46273
1013	0.42617	0.46291
1014	0.42627	0.46309
1015	0.42638	0.46327
1016	0.42648	0.46345
1017	0.42658	0.46362
1018	0.42672	0.46376
1019	0.42685	0.46397
1020	0.42698	0.46418
1021	0.4271	0.46438
1022	0.42722	0.46457
1023	0.42734	0.46477
1024	0.42745	0.46496
1025	0.42755	0.46514
1026	0.42765	0.46532
1027	0.42776	0.4655
1028	0.42791	0.46566
1029	0.42804	0.46586
1030	0.42815	0.46604
1031	0.4282	0.46618
1032	0.42824	0.46629
1033	0.42829	0.46641
1034	0.42838	0.46658
1035	0.42849	0.46676
1036	0.42858	0.46693
1037	0.42865	0.46708
1038	0.42874	0.46724
1039	0.42882	0.4674
1040	0.42889	0.46755
1041	0.42895	0.46769
1042	0.42902	0.46784
1043	0.42908	0.46797
1044	0.42912	0.46809
1045	0.42915	0.46819
1046	0.42919	0.46831
1047	0.42926	0.46845
1048	0.42929	0.46864
1049	0.42933	0.46875
1050	0.42936	0.46886
1051	0.42939	0.46896
1052	0.42943	0.46908
1053	0.42947	0.46919
1054	0.4295	0.4693
1055	0.42951	0.46938
1056	0.42952	0.46946
1057	0.42951	0.46953
1058	0.42951	0.46961
1059	0.42952	0.46969
1060	0.42954	0.46979
1061	0.42955	0.46988
1062	0.42955	0.46995
1063	0.4295	0.47005
1064	0.42948	0.4701
1065	0.42946	0.47016
1066	0.42945	0.47022
1067	0.42944	0.47028
1068	0.42939	0.47039
1069	0.42937	0.47043
1070	0.42934	0.47048
1071	0.42931	0.47053
1072	0.42929	0.47058
1073	0.42926	0.47062
1074	0.42922	0.47066
1075	0.42917	0.47069
1076	0.42911	0.4707
1077	0.42906	0.47072
1078	0.42899	0.4708
1079	0.42896	0.47084
1080	0.42892	0.47087
1081	0.42885	0.47088
1082	0.42877	0.47087
1083	0.42865	0.4709
1084	0.42857	0.47089
1085	0.4285	0.47089
1086	0.42844	0.4709
1087	0.42837	0.47091
1088	0.42826	0.47095
1089	0.42817	0.47093
1090	0.42807	0.4709
1091	0.42797	0.47087
1092	0.42789	0.47087
1093	0.42779	0.47092
1094	0.42771	0.47091
1095	0.42761	0.47088
1096	0.42749	0.47083
1097	0.42734	0.47075
1098	0.42717	0.47073
1099	0.42708	0.47071
1100	0.42701	0.47071
1101	0.42692	0.4707
1102	0.42679	0.47064
1103	0.42663	0.47063
1104	0.42654	0.47061
1105	0.42646	0.4706
1106	0.42636	0.47057
1107	0.42622	0.4705
1108	0.42605	0.47048
1109	0.42594	0.47044
1110	0.42585	0.47043
1111	0.42574	0.47039
1112	0.42559	0.47031
1113	0.42543	0.4703
1114	0.42538	0.47032
1115	0.42536	0.47038
1116	0.4253	0.47039
1117	0.42516	0.47032
1118	0.42497	0.47027
1119	0.42483	0.47021
1120	0.42471	0.47016
1121	0.42455	0.47008
1122	0.42434	0.46993
1123	0.42414	0.4698
1124	0.424	0.46973
1125	0.42385	0.46965
1126	0.42362	0.46949
1127	0.42326	0.4692
1128	0.42285	0.46892
1129	0.42256	0.46869
1130	0.42226	0.46846
1131	0.42185	0.46811
1132	0.42124	0.46755
1133	0.42055	0.46692
1134	0.41993	0.46634
1135	0.41936	0.46583
1136	0.41882	0.46534
1137	0.41825	0.46484
1138	0.41754	0.46425
1139	0.41662	0.46336
1140	0.41544	0.46221
1141	0.41429	0.4611
1142	0.41345	0.46029
1143	0.41269	0.45965
1144	0.41177	0.45878
1145	0.4105	0.45753
1146	0.40922	0.45628
1147	0.4083	0.4554
1148	0.40764	0.45478
1149	0.40706	0.45425
1150	0.4064	0.45364
1151	0.40565	0.45294
1152	0.40487	0.4522
1153	0.40408	0.45153
1154	0.40344	0.45093
1155	0.40298	0.45053
1156	0.40268	0.45029
1157	0.40245	0.45013
1158	0.4022	0.44994
1159	0.40194	0.44975
1160	0.40169	0.44956
1161	0.40141	0.44935
1162	0.40118	0.44918
1163	0.40104	0.44918
1164	0.40096	0.44918
1165	0.40091	0.4492
1166	0.40082	0.44918
1167	0.40072	0.44916
1168	0.40065	0.44916
1169	0.4006	0.44918
1170	0.40055	0.4492
1171	0.40038	0.44911
1172	0.40013	0.44892
1173	0.3999	0.44876
1174	0.39983	0.44876
1175	0.39985	0.44885
1176	0.39989	0.44897
1177	0.39983	0.44899
1178	0.39974	0.44897
1179	0.39964	0.44894
1180	0.39955	0.44892
1181	0.39948	0.44892
1182	0.39938	0.4489
1183	0.39924	0.4489
1184	0.39912	0.44885
1185	0.399	0.4488
1186	0.39893	0.4488
1187	0.39886	0.4488
1188	0.39878	0.4488
1189	0.39869	0.44878
1190	0.39862	0.44878
1191	0.39852	0.44876
1192	0.39845	0.44876
1193	0.39835	0.44874
1194	0.39828	0.44874
1195	0.39819	0.44871
1196	0.39811	0.44872
1197	0.39806	0.44874
1198	0.39803	0.44879
1199	0.3981	0.44893
1200	0.39822	0.44914
1201	0.39833	0.44932
1202	0.39828	0.44935
1203	0.39816	0.4493
1204	0.39809	0.4493
1205	0.3981	0.44939
1206	0.39821	0.44958
1207	0.39829	0.44974
1208	0.39831	0.44984
1209	0.39828	0.44988
1210	0.39827	0.44995
1211	0.39835	0.45012
1212	0.39844	0.45028
1213	0.3985	0.45042
1214	0.39847	0.45047
1215	0.39844	0.45051
1216	0.39848	0.45063
1217	0.3986	0.45084
1218	0.39875	0.45115
1219	0.3989	0.45138
1220	0.39891	0.45147
1221	0.39888	0.45152
1222	0.39888	0.45159
1223	0.39891	0.45171
1224	0.399	0.45187
1225	0.39908	0.45204
1226	0.39907	0.45211
1227	0.39906	0.45218
1228	0.39906	0.45225
1229	0.3991	0.45236
1230	0.39918	0.45253
1231	0.39926	0.45269
1232	0.39932	0.45283
1233	0.39935	0.45302
1234	0.39943	0.45319
1235	0.39952	0.45335
1236	0.3996	0.45351
1237	0.39964	0.45363
1238	0.39963	0.4537
1239	0.3996	0.45375
1240	0.39962	0.45384
1241	0.39965	0.45396
1242	0.39971	0.4541
1243	0.39982	0.45429
1244	0.39988	0.45443
1245	0.39996	0.4546
1246	0.4	0.45471
1247	0.40006	0.45485
1248	0.4001	0.45497
1249	0.40013	0.45509
1250	0.40019	0.45523
1251	0.40028	0.4554
1252	0.40034	0.45554
1253	0.40037	0.45573
1254	0.40038	0.45582
1255	0.40035	0.45587
1256	0.40032	0.45592
1257	0.40029	0.45596
1258	0.40029	0.45603
1259	0.4003	0.45613
1260	0.40036	0.45627
1261	0.40044	0.45644
1262	0.4005	0.45658
1263	0.4005	0.45665
1264	0.40049	0.45672
1265	0.40046	0.45677
1266	0.40045	0.45684
1267	0.40044	0.45691
1268	0.40041	0.45703
1269	0.4004	0.4571
1270	0.40035	0.45712
1271	0.40025	0.4571
1272	0.40013	0.45705
1273	0.39997	0.45696
1274	0.3998	0.45686
1275	0.39966	0.45679
1276	0.39957	0.45677
1277	0.39949	0.45677
1278	0.39942	0.45677
1279	0.3993	0.45673
1280	0.39914	0.45663
1281	0.39893	0.45649
1282	0.39872	0.45635
1283	0.39844	0.45622
1284	0.39821	0.45605
1285	0.398	0.45591
1286	0.39784	0.45582
1287	0.39771	0.45576
1288	0.39754	0.45567
1289	0.39736	0.45555
1290	0.39715	0.45541
1291	0.3969	0.45523
1292	0.39665	0.45504
1293	0.39638	0.45483
1294	0.39608	0.4546
1295	0.39577	0.45434
1296	0.3954	0.45404
1297	0.39502	0.45371
1298	0.39468	0.45343
1299	0.39436	0.45318
1300	0.39405	0.45292
1301	0.39373	0.45267
1302	0.39337	0.45236
1303	0.39292	0.45197
1304	0.39241	0.45151
1305	0.39186	0.451
1306	0.39131	0.4505
1307	0.39074	0.44997
1308	0.39019	0.44947
1309	0.38969	0.44902
1310	0.3892	0.44859
1311	0.38868	0.44811
1312	0.38812	0.44759
1313	0.38745	0.44696
1314	0.38674	0.44629
1315	0.38608	0.44567
1316	0.38544	0.44507
1317	0.38484	0.44451
1318	0.38415	0.44394
1319	0.38343	0.44326
1320	0.38257	0.44242
1321	0.38169	0.44156
1322	0.38086	0.44076
1323	0.38017	0.4401
1324	0.3795	0.43947
1325	0.37879	0.4388
1326	0.37795	0.43798
1327	0.37688	0.43692
1328	0.37574	0.43579
1329	0.3747	0.43476
1330	0.37387	0.43395
1331	0.37316	0.43327
1332	0.37243	0.43257
1333	0.3715	0.43167
1334	0.37033	0.43049
1335	0.36904	0.4292
1336	0.36782	0.42797
1337	0.36682	0.42698
1338	0.36599	0.42618
1339	0.36528	0.42549
1340	0.36457	0.42481
1341	0.36382	0.42409
1342	0.36298	0.42327
1343	0.36202	0.42232
1344	0.36085	0.42114
1345	0.35948	0.41976
1346	0.35808	0.41834
1347	0.35685	0.4171
1348	0.35591	0.41616
1349	0.35522	0.4155
1350	0.35435	0.41465
1351	0.35355	0.41387
1352	0.35256	0.41289
1353	0.35171	0.41206
1354	0.35078	0.41113
1355	0.35006	0.41044
1356	0.34903	0.4094
1357	0.34826	0.40865
1358	0.34721	0.40761
1359	0.34631	0.40671
1360	0.34532	0.40572
1361	0.34436	0.40477
1362	0.34343	0.40384
1363	0.34217	0.40256
1364	0.34114	0.40153
1365	0.34008	0.40046
1366	0.33866	0.39901
1367	0.33756	0.39789
1368	0.33595	0.39624
1369	0.33444	0.39469
1370	0.33293	0.39312
1371	0.33096	0.39108
1372	0.32884	0.38886
1373	0.32701	0.38703
1374	0.32428	0.38414
1375	0.32126	0.38094
1376	0.31858	0.37811
1377	0.31517	0.37448
1378	0.3115	0.37056
1379	0.30724	0.36599
1380	0.30378	0.36229
1381	0.29897	0.3571
1382	0.29416	0.35191
1383	0.28897	0.34628
1384	0.28474	0.3417
1385	0.27894	0.33538
1386	0.27332	0.32924
1387	0.26754	0.32291
1388	0.26109	0.31588
1389	0.2563	0.31061
1390	0.24977	0.30338
1391	0.2437	0.29664
1392	0.23756	0.28979
1393	0.23175	0.28329
1394	0.22527	0.27601
1395	0.22058	0.27074
1396	0.21505	0.26449
1397	0.20896	0.25756
1398	0.20356	0.25141
1399	0.19845	0.24555
1400	0.19352	0.23989
1401	0.18885	0.2345
1402	0.18395	0.22882
1403	0.17972	0.22395
1404	0.17587	0.21946
1405	0.17283	0.21592
1406	0.16924	0.21171
1407	0.16593	0.2078
1408	0.16274	0.20408
1409	0.15954	0.20029
1410	0.15668	0.19689
1411	0.15417	0.1939
1412	0.15172	0.19097
1413	0.14949	0.18836
1414	0.14732	0.18575
1415	0.14531	0.18334
1416	0.14343	0.18107
1417	0.1417	0.17899
1418	0.13999	0.17697
1419	0.13844	0.1751
1420	0.13707	0.17345
1421	0.13572	0.17182
1422	0.13443	0.17025
1423	0.13319	0.1688
1424	0.13206	0.16742
1425	0.13075	0.16583
1426	0.12976	0.16463
1427	0.12887	0.16355
1428	0.12804	0.1626
1429	0.12728	0.16169
1430	0.12646	0.16069
1431	0.1258	0.15989
1432	0.12506	0.15906
1433	0.12456	0.15846
1434	0.12385	0.15765
1435	0.12333	0.15704
1436	0.12286	0.15649
1437	0.12237	0.1559
1438	0.12194	0.15546
1439	0.12164	0.15511
1440	0.12131	0.15474
1441	0.12102	0.15441
1442	0.1208	0.15422
1443	0.12062	0.15403
1444	0.12043	0.15389
1445	0.12033	0.15381
1446	0.1202	0.15369
1447	0.12011	0.15362
1448	0.12005	0.15363
1449	0.12003	0.15365
1450	0.12002	0.15368
1451	0.12007	0.1538
1452	0.12009	0.15392
1453	0.12018	0.15409
1454	0.12027	0.15429
1455	0.12043	0.15455
1456	0.12059	0.15485
1457	0.12076	0.15511
1458	0.12101	0.15554
1459	0.12125	0.1559
1460	0.12148	0.15629
1461	0.12196	0.15696
1462	0.12233	0.15753
1463	0.12278	0.15816
1464	0.12347	0.15913
1465	0.1241	0.15999
1466	0.12469	0.16085
1467	0.12562	0.16209
1468	0.12634	0.16311
1469	0.1271	0.16413
1470	0.12812	0.16553
1471	0.12893	0.16662
1472	0.12975	0.16776
1473	0.13092	0.1693
1474	0.13175	0.17046
1475	0.13307	0.17218
1476	0.13404	0.17351
1477	0.13506	0.17486
1478	0.13622	0.17642
1479	0.13724	0.17776
1480	0.13854	0.1795
1481	0.13953	0.18085
1482	0.14071	0.18238
1483	0.14172	0.18376
1484	0.14298	0.18539
1485	0.14403	0.1868
1486	0.14504	0.18817
1487	0.14644	0.18997
1488	0.14752	0.19143
1489	0.14901	0.19332
1490	0.15008	0.19476
1491	0.15155	0.19669
1492	0.15272	0.19819
1493	0.15414	0.20006
1494	0.1553	0.20154
1495	0.15686	0.20358
1496	0.1581	0.20522
1497	0.15963	0.20715
1498	0.16102	0.20897
1499	0.16228	0.21057
1500	0.16382	0.21256
1501	0.16494	0.21405
1502	0.16643	0.21592
1503	0.16775	0.21765
1504	0.16922	0.2195
1505	0.17077	0.22149
1506	0.17192	0.22301
1507	0.1734	0.22486
1508	0.17447	0.22627
1509	0.17604	0.22823
1510	0.17751	0.23012
1511	0.17887	0.23188
1512	0.18037	0.23381
1513	0.18147	0.23519
1514	0.18301	0.23717
1515	0.18457	0.23917
1516	0.1857	0.24064
1517	0.18724	0.24255
1518	0.18866	0.24437
1519	0.18983	0.24583
1520	0.19122	0.24761
1521	0.19269	0.24943
1522	0.19376	0.25082
1523	0.19527	0.25269
1524	0.19678	0.25461
1525	0.19789	0.25599
1526	0.19928	0.25778
1527	0.20063	0.25944
1528	0.20168	0.26081
1529	0.20297	0.2624
1530	0.20417	0.26396
1531	0.20562	0.26579
1532	0.20662	0.26705
1533	0.20801	0.26881
1534	0.20926	0.27036
1535	0.21059	0.27205
1536	0.21144	0.27319
1537	0.2127	0.27481
1538	0.21391	0.27629
1539	0.21527	0.27803
1540	0.21632	0.27939
1541	0.21728	0.28066
1542	0.21852	0.28218
1543	0.21968	0.28367
1544	0.22095	0.28523
1545	0.22187	0.28644
1546	0.22289	0.28777
1547	0.22411	0.28927
1548	0.22515	0.29061
1549	0.22629	0.29202
1550	0.22725	0.29328
1551	0.22813	0.29444
1552	0.22901	0.29561
1553	0.23009	0.29694
1554	0.23097	0.2981
1555	0.23195	0.29938
1556	0.23284	0.30056
1557	0.23372	0.30167
1558	0.23437	0.30255
1559	0.23513	0.30352
1560	0.23598	0.30464
1561	0.23685	0.3058
1562	0.23764	0.30679
1563	0.23849	0.30792
1564	0.23922	0.30883
1565	0.24016	0.31008
1566	0.24078	0.31094
1567	0.24158	0.31194
1568	0.24221	0.31282
1569	0.24296	0.31376
1570	0.24368	0.31474
1571	0.24441	0.31573
1572	0.24514	0.31672
1573	0.24591	0.31768
1574	0.24668	0.31872
1575	0.24728	0.31956
1576	0.24811	0.32068
1577	0.24882	0.32157
1578	0.24942	0.32241
1579	0.25021	0.32341
1580	0.25074	0.32417
1581	0.25144	0.32512
1582	0.25225	0.32614
1583	0.25298	0.32713
1584	0.25359	0.32791
1585	0.25425	0.32882
1586	0.25492	0.32975
1587	0.25559	0.33059
1588	0.2561	0.33133
1589	0.25682	0.33224
1590	0.25744	0.33311
1591	0.25818	0.33412
1592	0.2589	0.33502
1593	0.25961	0.33599
1594	0.26039	0.33697
1595	0.26101	0.33783
1596	0.26151	0.33857
1597	0.26206	0.33928
1598	0.26259	0.34005
1599	0.26318	0.3408
1600	0.26387	0.34175
1601	0.26445	0.34258
1602	0.26494	0.34321
1603	0.26554	0.34406
1604	0.26606	0.34474
1605	0.26673	0.34567
1606	0.2672	0.34636
1607	0.26761	0.34691
1608	0.26789	0.3474
1609	0.26845	0.34812
1610	0.2688	0.34867
1611	0.26923	0.34933
1612	0.26968	0.34993
1613	0.27022	0.3507
1614	0.27059	0.35121
1615	0.27096	0.35179
1616	0.27131	0.35235
1617	0.27172	0.3529
1618	0.27198	0.35337
1619	0.2725	0.35404
1620	0.27274	0.35448
1621	0.2732	0.35517
1622	0.27357	0.35567
1623	0.27398	0.3563
1624	0.27446	0.35693
1625	0.27482	0.35751
1626	0.27511	0.35801
1627	0.27555	0.35859
1628	0.27567	0.35889
1629	0.27607	0.35943
1630	0.27627	0.35982
1631	0.27656	0.36031
1632	0.27666	0.36051
1633	0.27706	0.36113
1634	0.27722	0.3614
1635	0.27751	0.36189
1636	0.27762	0.36219
1637	0.27796	0.36266
1638	0.27804	0.36291
1639	0.27832	0.36332
1640	0.27841	0.36358
1641	0.2787	0.364
1642	0.27881	0.36428
1643	0.27914	0.36475
1644	0.27933	0.36513
1645	0.27963	0.36556
1646	0.27968	0.36578
1647	0.28005	0.36628
1648	0.27998	0.36637
1649	0.28021	0.36672
1650	0.28022	0.36689
1651	0.2803	0.36715
1652	0.28016	0.36707
1653	0.2803	0.36739
1654	0.2801	0.36725
1655	0.28003	0.36733
1656	0.27969	0.36703
1657	0.27967	0.36716
1658	0.2794	0.36693
1659	0.2792	0.36686
1660	0.27895	0.36666
1661	0.27886	0.36671
1662	0.27847	0.36635
1663	0.2784	0.36644
1664	0.27808	0.36615
1665	0.27808	0.36632
1666	0.2778	0.36615
1667	0.27781	0.36625
1668	0.27757	0.36613
1669	0.27753	0.36617
1670	0.27729	0.36606
1671	0.27716	0.36599
1672	0.27682	0.36576
1673	0.27674	0.36575
1674	0.27642	0.36554
1675	0.27624	0.36542
1676	0.27586	0.36506
1677	0.2756	0.36492
1678	0.27528	0.36463
1679	0.27509	0.36458
1680	0.27466	0.36416
1681	0.2744	0.36394
1682	0.27389	0.36351
1683	0.27357	0.36322
1684	0.27313	0.36287
1685	0.27273	0.36249
1686	0.27221	0.36197
1687	0.27192	0.36179
1688	0.27132	0.36118
1689	0.27107	0.36105
1690	0.27057	0.36055
1691	0.27021	0.36021
1692	0.26972	0.3598
1693	0.26944	0.35956
1694	0.26893	0.35913
1695	0.26848	0.35869
1696	0.26793	0.35812
1697	0.26757	0.35787
1698	0.2671	0.3574
1699	0.26657	0.35694
1700	0.26606	0.35643
1701	0.26558	0.35595
1702	0.26498	0.35533
1703	0.26462	0.35506
1704	0.26405	0.35447
1705	0.26365	0.35409
1706	0.26302	0.35343
1707	0.26262	0.35313
1708	0.26207	0.35256
1709	0.26166	0.35224
1710	0.26104	0.35159
1711	0.26056	0.3511
1712	0.26014	0.3507
1713	0.25976	0.3504
1714	0.25928	0.34992
1715	0.25889	0.34954
1716	0.25846	0.34912
1717	0.2581	0.34877
1718	0.25749	0.34822
1719	0.25714	0.34789
1720	0.25655	0.34727
1721	0.25624	0.34698
1722	0.2558	0.34663
1723	0.25541	0.34625
1724	0.25504	0.34597
1725	0.25472	0.34567
1726	0.25432	0.34528
1727	0.25424	0.34527
1728	0.25386	0.34489
1729	0.2536	0.34468
1730	0.25336	0.34446
1731	0.25325	0.34442
1732	0.25299	0.34419
1733	0.25281	0.34415
1734	0.25243	0.34378
1735	0.25224	0.34362
1736	0.25216	0.34362
1737	0.25178	0.34324
1738	0.25144	0.34292
1739	0.25135	0.34289
1740	0.25093	0.34247
1741	0.25058	0.34214
1742	0.25027	0.34185
1743	0.25002	0.34172
1744	0.2495	0.34118
1745	0.24907	0.34075
1746	0.24864	0.34032
1747	0.24812	0.33977
1748	0.24755	0.33918
1749	0.24708	0.3387
1750	0.24658	0.33818
1751	0.24601	0.33758
1752	0.24534	0.33686
1753	0.2448	0.33629
1754	0.24443	0.33593
1755	0.2438	0.33526
1756	0.24309	0.33448
1757	0.24247	0.33382
1758	0.24199	0.33332
1759	0.24149	0.3328
1760	0.24085	0.33211
1761	0.24032	0.33155
1762	0.24002	0.33127
1763	0.23959	0.33084
1764	0.23916	0.3304
1765	0.23875	0.32999
1766	0.23847	0.32973
1767	0.23823	0.32952
1768	0.23787	0.32916
1769	0.23758	0.3289
1770	0.23732	0.32866
1771	0.23719	0.32859
1772	0.23719	0.32867
1773	0.23685	0.32834
1774	0.23675	0.3283
1775	0.23653	0.32811
1776	0.23636	0.32799
1777	0.23636	0.32807
1778	0.23623	0.328
1779	0.23604	0.32784
1780	0.23594	0.3278
1781	0.2358	0.32771
1782	0.2356	0.32755
1783	0.23546	0.32738
1784	0.23531	0.32729
1785	0.23509	0.3271
1786	0.23496	0.32702
1787	0.23471	0.3268
1788	0.23461	0.32667
1789	0.23449	0.3266
1790	0.23431	0.32648
1791	0.23434	0.32659
1792	0.23437	0.32671
1793	0.23427	0.32666
1794	0.23422	0.32668
1795	0.23425	0.3268
1796	0.23429	0.32693
1797	0.23433	0.32707
1798	0.23453	0.32731
1799	0.23464	0.32752
1800	0.23475	0.32774
1801	0.2349	0.32801
1802	0.23506	0.32828
1803	0.23525	0.3285
1804	0.23533	0.32868
1805	0.23548	0.32895
1806	0.23552	0.32908
1807	0.23561	0.32927
1808	0.23558	0.32924
1809	0.23555	0.32928
1810	0.23557	0.32939
1811	0.23538	0.32923
1812	0.23535	0.32928
1813	0.23539	0.32934
1814	0.23537	0.32939
1815	0.23546	0.32958
1816	0.23534	0.32952
1817	0.23531	0.32956
1818	0.23523	0.32946
1819	0.2352	0.3295
1820	0.23517	0.32955
1821	0.23518	0.32965
1822	0.23513	0.32967
1823	0.2352	0.32975
1824	0.23511	0.32972
1825	0.23512	0.32982
1826	0.23507	0.32984
1827	0.23493	0.32975
1828	0.23475	0.32954
1829	0.23463	0.32946
1830	0.23436	0.32923
1831	0.23423	0.32914
1832	0.23361	0.32847
1833	0.2334	0.32821
1834	0.23306	0.32788
1835	0.23258	0.32738
1836	0.23219	0.32698
1837	0.23171	0.32648
1838	0.23115	0.32579
1839	0.23056	0.32514
1840	0.22977	0.32427
1841	0.22907	0.32349
1842	0.22827	0.32259
1843	0.2274	0.32152
1844	0.22647	0.32046
1845	0.22541	0.31923
1846	0.22435	0.31801
1847	0.22349	0.31695
1848	0.22209	0.3153
1849	0.22079	0.31369
1850	0.21921	0.31182
1851	0.21788	0.31026
1852	0.21547	0.30734
1853	0.21376	0.30522
1854	0.21179	0.30284
1855	0.20984	0.30049
1856	0.20769	0.29789
1857	0.20529	0.29487
1858	0.20261	0.29158
1859	0.20015	0.28849
1860	0.19714	0.28477
1861	0.19451	0.28151
1862	0.18992	0.27575
1863	0.18652	0.27142
1864	0.18281	0.26673
1865	0.17933	0.26233
1866	0.17515	0.25699
1867	0.1713	0.25199
1868	0.16676	0.24613
1869	0.16279	0.24092
1870	0.1561	0.23214
1871	0.15124	0.22572
1872	0.14636	0.21923
1873	0.14104	0.21202
1874	0.13603	0.20524
1875	0.13035	0.19747
1876	0.12538	0.1906
1877	0.11748	0.17945
1878	0.11181	0.1714
1879	0.10651	0.16371
1880	0.10117	0.15591
1881	0.095345	0.14727
1882	0.09044	0.13989
1883	0.082994	0.12837
1884	0.077905	0.12038
1885	0.073318	0.11303
1886	0.068961	0.10592
1887	0.064617	0.098631
1888	0.059476	0.089829
1889	0.055779	0.083298
1890	0.052587	0.07757
1891	0.049655	0.07219
1892	0.046857	0.066931
1893	0.043682	0.060755
1894	0.041461	0.056351
1895	0.039615	0.052609
1896	0.037959	0.049179
1897	0.036594	0.046261
1898	0.034705	0.042158
1899	0.033663	0.039818
1900	0.032693	0.037634
1901	0.031774	0.035526
1902	0.03076	0.033111
1903	0.030075	0.031483
1904	0.02952	0.030115
1905	0.029035	0.028935
1906	0.028423	0.027414
1907	0.028047	0.026446
1908	0.02768	0.025522
1909	0.027396	0.024774
1910	0.027025	0.023817
1911	0.026774	0.023176
1912	0.026561	0.022594
1913	0.02636	0.022078
1914	0.026131	0.021443
1915	0.025989	0.021083
1916	0.025836	0.020689
1917	0.025702	0.020346
1918	0.025554	0.019926
1919	0.025455	0.019676
1920	0.02537	0.01947
1921	0.025274	0.019229
1922	0.025217	0.019062
1923	0.025162	0.018941
1924	0.025107	0.01878
1925	0.02508	0.018736
1926	0.02504	0.018657
1927	0.025027	0.018653
1928	0.025024	0.018645
1929	0.025023	0.018679
1930	0.025023	0.018714
1931	0.025048	0.018824
1932	0.025072	0.018893
1933	0.025098	0.019006
1934	0.025162	0.019192
1935	0.025203	0.019347
1936	0.025258	0.019543
1937	0.025342	0.01982
1938	0.025411	0.020017
1939	0.025484	0.020262
1940	0.025587	0.020593
1941	0.025679	0.020888
1942	0.025783	0.021182
1943	0.025925	0.021615
1944	0.02605	0.021964
1945	0.026167	0.022325
1946	0.026321	0.022784
1947	0.026473	0.023201
1948	0.026583	0.023539
1949	0.026796	0.024114
1950	0.026931	0.024514
1951	0.027163	0.025171
1952	0.027318	0.025582
1953	0.027485	0.02606
1954	0.027729	0.026701
1955	0.027928	0.027255
1956	0.02809	0.027709
1957	0.028367	0.028458
1958	0.028573	0.028984
1959	0.028844	0.029708
1960	0.029076	0.030328
1961	0.029265	0.030835
1962	0.029624	0.031729
1963	0.029825	0.032262
1964	0.03018	0.033132
1965	0.030423	0.03376
1966	0.030673	0.034399
1967	0.031025	0.035282
1968	0.031324	0.035995
1969	0.031695	0.036909
1970	0.031946	0.037536
1971	0.032418	0.038677
1972	0.032684	0.039294
1973	0.032928	0.039892
1974	0.033425	0.041033
1975	0.033738	0.041782
1976	0.034167	0.042788
1977	0.034479	0.043526
1978	0.034998	0.044686
1979	0.035326	0.045449
1980	0.035817	0.046567
1981	0.036164	0.047364
1982	0.036487	0.048104
1983	0.037078	0.049383
1984	0.037429	0.050175
1985	0.037977	0.051383
1986	0.038353	0.05222
1987	0.038888	0.053387
1988	0.039261	0.054172
1989	0.03983	0.055396
1990	0.040258	0.056322
1991	0.040803	0.057486
1992	0.041216	0.058371
1993	0.041794	0.059551
1994	0.042226	0.060468
1995	0.042821	0.061706
1996	0.043227	0.062561
1997	0.043842	0.06383
1998	0.044243	0.064628
1999	0.044908	0.065984
2000	0.045339	0.06687
2001	0.045755	0.067726
2002	0.046387	0.069
2003	0.047087	0.070359
2004	0.047492	0.071181
2005	0.048169	0.072523
2006	0.048623	0.073434
2007	0.049258	0.074683
2008	0.049691	0.075547
2009	0.050339	0.076812
2010	0.050739	0.077606
2011	0.051396	0.078881
2012	0.051825	0.079723
2013	0.052514	0.081005
2014	0.052933	0.081824
2015	0.053599	0.083096
2016	0.054038	0.083946
2017	0.054679	0.085164
2018	0.055051	0.085843
2019	0.055672	0.087017
2020	0.056101	0.08784
2021	0.056735	0.089029
2022	0.057342	0.090168
2023	0.057689	0.090834
2024	0.058329	0.092026
2025	0.058702	0.092736
2026	0.059317	0.093877
2027	0.059643	0.094501
2028	0.060231	0.095586
2029	0.060824	0.09668
2030	0.061181	0.097354
2031	0.061682	0.09828
2032	0.062054	0.098979
2033	0.062614	0.1
2034	0.062923	0.10059
2035	0.063491	0.10163
2036	0.064051	0.10265
2037	0.064325	0.10317
2038	0.064909	0.10422
2039	0.065184	0.10475
2040	0.065705	0.10569
2041	0.066248	0.10667
2042	0.066502	0.10715
2043	0.067039	0.10812
2044	0.067282	0.10858
2045	0.067784	0.10949
2046	0.068295	0.11041
2047	0.068565	0.11092
2048	0.069074	0.11183
2049	0.069325	0.1123
2050	0.069836	0.11321
2051	0.070312	0.11407
2052	0.07062	0.11463
2053	0.071072	0.11549
2054	0.071597	0.11643
2055	0.07185	0.1169
2056	0.072416	0.1179
2057	0.072708	0.11843
2058	0.073249	0.11939
2059	0.073789	0.12034
2060	0.074096	0.1209
2061	0.074678	0.12192
2062	0.075204	0.12284
2063	0.075569	0.12354
2064	0.076103	0.12448
2065	0.076709	0.12553
2066	0.07703	0.12611
2067	0.077602	0.1271
2068	0.078184	0.1281
2069	0.078547	0.12875
2070	0.079072	0.12966
2071	0.079704	0.13075
2072	0.080007	0.13129
2073	0.080539	0.13226
2074	0.081132	0.13328
2075	0.081468	0.13388
2076	0.081972	0.13474
2077	0.082585	0.13579
2078	0.0829	0.1364
2079	0.08342	0.13729
2080	0.083945	0.13819
2081	0.084285	0.1388
2082	0.084863	0.13978
2083	0.085368	0.1407
2084	0.085671	0.14123
2085	0.086173	0.14209
2086	0.086749	0.14307
2087	0.087239	0.1439
2088	0.087559	0.14452
2089	0.088078	0.1454
2090	0.088574	0.14625
2091	0.088918	0.14685
2092	0.089336	0.14756
2093	0.089911	0.14859
2094	0.090365	0.14936
2095	0.090706	0.14995
2096	0.09117	0.15074
2097	0.091687	0.15161
2098	0.09204	0.15223
2099	0.092519	0.15304
2100	0.093006	0.15386
2101	0.093549	0.15477
2102	0.09382	0.15525
2103	0.094338	0.15617
2104	0.094799	0.15695
2105	0.095267	0.15774
2106	0.095558	0.15825
2107	0.096012	0.15902
2108	0.09646	0.15983
2109	0.096928	0.16062
2110	0.097218	0.16113
2111	0.09767	0.16189
2112	0.098099	0.16261
2113	0.09855	0.16343
2114	0.098774	0.16383
2115	0.099191	0.16454
2116	0.099584	0.1652
2117	0.10006	0.166
2118	0.10031	0.16651
2119	0.10075	0.16724
2120	0.10121	0.16802
2121	0.10172	0.16885
2122	0.10211	0.16952
2123	0.10241	0.17009
2124	0.10284	0.17081
2125	0.10327	0.17153
2126	0.10364	0.17217
2127	0.1039	0.17262
2128	0.10426	0.17329
2129	0.10466	0.17398
2130	0.10504	0.17461
2131	0.10538	0.1752
2132	0.10564	0.17566
2133	0.10598	0.17629
2134	0.1063	0.17684
2135	0.10665	0.17744
2136	0.10696	0.17798
2137	0.10716	0.17835
2138	0.10744	0.1789
2139	0.10774	0.17941
2140	0.10801	0.17988
2141	0.10833	0.18044
2142	0.10861	0.18092
2143	0.10878	0.18131
2144	0.10906	0.1818
2145	0.10938	0.18234
2146	0.10967	0.18285
2147	0.11	0.18341
2148	0.11016	0.18377
2149	0.1104	0.1842
2150	0.1107	0.18473
2151	0.11098	0.18522
2152	0.11127	0.18571
2153	0.11154	0.18625
2154	0.11177	0.18666
2155	0.11196	0.18702
2156	0.11226	0.18754
2157	0.11254	0.18802
2158	0.1128	0.18854
2159	0.11304	0.18898
2160	0.11333	0.18947
2161	0.11348	0.18976
2162	0.11374	0.19022
2163	0.11399	0.19073
2164	0.11422	0.19114
2165	0.11442	0.19151
2166	0.11467	0.19194
2167	0.11492	0.19239
2168	0.1151	0.19278
2169	0.11529	0.19314
2170	0.11552	0.19356
2171	0.11577	0.19399
2172	0.11601	0.19449
2173	0.11626	0.19494
2174	0.11651	0.19544
2175	0.11675	0.19586
2176	0.11702	0.19634
2177	0.11726	0.19677
2178	0.11749	0.19725
2179	0.11785	0.19785
2180	0.11815	0.19836
2181	0.11841	0.19882
2182	0.11875	0.1994
2183	0.11902	0.19987
2184	0.1193	0.20035
2185	0.11965	0.20095
2186	0.11993	0.20144
2187	0.12021	0.20193
2188	0.12045	0.20241
2189	0.12073	0.20291
2190	0.12095	0.2033
2191	0.12123	0.20379
2192	0.12144	0.20418
2193	0.12156	0.20449
2194	0.12166	0.20471
2195	0.12184	0.20504
2196	0.12201	0.20536
2197	0.12218	0.20568
2198	0.12229	0.20599
2199	0.12243	0.20626
2200	0.12259	0.20658
2201	0.12276	0.2069
2202	0.12289	0.20716
2203	0.123	0.20746
2204	0.12309	0.20766
2205	0.12325	0.20797
2206	0.12332	0.20815
2207	0.12343	0.20844
2208	0.12361	0.2088
2209	0.12375	0.20914
2210	0.12393	0.20948
2211	0.12407	0.20975
2212	0.12417	0.20997
2213	0.1242	0.21016
2214	0.12429	0.21036
2215	0.12432	0.21048
2216	0.12431	0.21053
2217	0.12425	0.21051
2218	0.12423	0.21063
2219	0.12422	0.21068
2220	0.12423	0.21076
2221	0.12418	0.21076
2222	0.12419	0.21085
2223	0.12401	0.21071
2224	0.12386	0.21056
2225	0.12373	0.21043
2226	0.12349	0.21015
2227	0.12324	0.20984
2228	0.12298	0.2096
2229	0.12268	0.20922
2230	0.12235	0.20879
2231	0.12207	0.20844
2232	0.12173	0.20799
2233	0.12127	0.20744
2234	0.12091	0.20696
2235	0.12048	0.20638
2236	0.11998	0.20571
2237	0.1194	0.20488
2238	0.11881	0.20413
2239	0.11821	0.2033
2240	0.11757	0.20239
2241	0.11691	0.20145
2242	0.11627	0.20054
2243	0.11553	0.19954
2244	0.11483	0.19854
2245	0.11412	0.19752
2246	0.11337	0.19643
2247	0.11265	0.19539
2248	0.11191	0.19438
2249	0.11118	0.19332
2250	0.11043	0.19222
2251	0.10967	0.19111
2252	0.10896	0.19006
2253	0.10809	0.18877
2254	0.10739	0.18774
2255	0.10664	0.18663
2256	0.1059	0.18554
2257	0.10523	0.18455
2258	0.10453	0.18357
2259	0.10385	0.18256
2260	0.10315	0.18152
2261	0.10241	0.18041
2262	0.10175	0.17941
2263	0.10109	0.17844
2264	0.10034	0.1773
2265	0.099684	0.17631
2266	0.099051	0.17536
2267	0.098443	0.17445
2268	0.09781	0.17356
2269	0.09724	0.1727
2270	0.096688	0.17187
2271	0.096175	0.1711
2272	0.095625	0.17027
2273	0.095102	0.16955
2274	0.094426	0.16851
2275	0.093922	0.16775
2276	0.093398	0.16695
2277	0.092934	0.16625
2278	0.092401	0.16544
2279	0.091901	0.16468
2280	0.091432	0.16397
2281	0.090968	0.16327
2282	0.090489	0.16254
2283	0.090012	0.16181
2284	0.089514	0.16104
2285	0.089017	0.16028
2286	0.088521	0.15951
2287	0.08784	0.15844
2288	0.087315	0.15768
2289	0.086827	0.15692
2290	0.086271	0.15605
2291	0.085768	0.15526
2292	0.08522	0.1544
2293	0.084742	0.15365
2294	0.084228	0.15284
2295	0.083746	0.15208
2296	0.083231	0.15127
2297	0.082858	0.15069
2298	0.082149	0.14954
2299	0.081784	0.14898
2300	0.081303	0.14821
2301	0.080925	0.14762
2302	0.080483	0.14692
2303	0.080131	0.14643
2304	0.079725	0.14579
2305	0.079442	0.14536
2306	0.078811	0.14432
2307	0.078548	0.14392
2308	0.078221	0.14341
2309	0.077916	0.14294
2310	0.077628	0.1425
2311	0.077396	0.14215
2312	0.07706	0.14162
2313	0.076877	0.14136
2314	0.076354	0.1405
2315	0.076211	0.14031
2316	0.075958	0.13992
2317	0.075766	0.13964
2318	0.075514	0.13925
2319	0.075303	0.13894
2320	0.075047	0.13854
2321	0.074881	0.13831
2322	0.074308	0.13735
2323	0.074115	0.13701
2324	0.073829	0.13656
2325	0.073496	0.13602
2326	0.073188	0.13553
2327	0.072929	0.13513
2328	0.07231	0.13402
2329	0.072052	0.13362
2330	0.071695	0.13303
2331	0.071353	0.13247
2332	0.070988	0.13187
2333	0.070612	0.1312
2334	0.070308	0.1307
2335	0.069633	0.12954
2336	0.069302	0.12899
2337	0.068932	0.12832
2338	0.068555	0.12769
2339	0.068268	0.12717
2340	0.067597	0.12599
2341	0.067312	0.12553
2342	0.066971	0.1249
2343	0.066644	0.12435
2344	0.066319	0.12376
2345	0.066012	0.12324
2346	0.065485	0.12232
2347	0.065221	0.12189
2348	0.06492	0.12138
2349	0.064644	0.12093
2350	0.064421	0.12056
2351	0.063861	0.11957
2352	0.063676	0.11928
2353	0.063423	0.11881
2354	0.06318	0.1184
2355	0.06294	0.11801
2356	0.062747	0.1177
2357	0.06221	0.11674
2358	0.062007	0.11641
2359	0.061746	0.11597
2360	0.0615	0.11555
2361	0.061309	0.11524
2362	0.060724	0.11418
2363	0.060518	0.11385
2364	0.060268	0.11342
2365	0.060061	0.11308
2366	0.059498	0.11205
2367	0.05933	0.11178
2368	0.059053	0.1113
2369	0.058751	0.11077
2370	0.058512	0.11036
2371	0.057969	0.10936
2372	0.057728	0.10894
2373	0.057448	0.1084
2374	0.057233	0.10803
2375	0.056631	0.10691
2376	0.056446	0.1066
2377	0.056148	0.10607
2378	0.055837	0.10546
2379	0.055638	0.10512
2380	0.055039	0.10399
2381	0.054818	0.1036
2382	0.054491	0.103
2383	0.054232	0.10249
2384	0.053681	0.10144
2385	0.053401	0.10093
2386	0.05311	0.1004
2387	0.052853	0.099934
2388	0.052349	0.098922
2389	0.052071	0.098411
2390	0.051782	0.097877
2391	0.051504	0.097364
2392	0.05098	0.096299
2393	0.050703	0.095786
2394	0.050415	0.095197
2395	0.050135	0.094673
2396	0.049618	0.093663
2397	0.049354	0.09312
2398	0.049058	0.092559
2399	0.048807	0.09204
2400	0.048288	0.091012
2401	0.048036	0.090536
2402	0.04773	0.089898
2403	0.047518	0.089505
2404	0.046951	0.088317
2405	0.046704	0.087846
2406	0.046458	0.087374
2407	0.045913	0.086225
2408	0.045658	0.085732
2409	0.045369	0.085116
2410	0.045077	0.084541
2411	0.04457	0.083504
2412	0.044293	0.08291
2413	0.043972	0.082267
2414	0.043473	0.081189
2415	0.043183	0.080607
2416	0.042842	0.079912
2417	0.042563	0.079305
2418	0.042015	0.078152
2419	0.041748	0.077564
2420	0.041431	0.076911
2421	0.040913	0.075767
2422	0.040604	0.075126
2423	0.0403	0.074448
2424	0.040006	0.073837
2425	0.039459	0.072608
2426	0.039194	0.072056
2427	0.0389	0.071392
2428	0.038403	0.070307
2429	0.038118	0.069656
2430	0.037799	0.068971
2431	0.037297	0.067816
2432	0.03703	0.067244
2433	0.036756	0.066611
2434	0.036493	0.066043
2435	0.036013	0.064922
2436	0.035702	0.064234
2437	0.035432	0.063599
2438	0.034949	0.062501
2439	0.034675	0.061849
2440	0.034426	0.061296
2441	0.033942	0.060137
2442	0.033671	0.059527
2443	0.033415	0.058908
2444	0.032938	0.057789
2445	0.032689	0.057181
2446	0.032443	0.056579
2447	0.032005	0.055501
2448	0.031733	0.054868
2449	0.031503	0.054296
2450	0.031057	0.053181
2451	0.030816	0.052575
2452	0.030579	0.052018
2453	0.030131	0.050883
2454	0.029907	0.05035
2455	0.029692	0.049802
2456	0.029276	0.048729
2457	0.029073	0.048203
2458	0.02887	0.047715
2459	0.02848	0.046698
2460	0.028283	0.046179
2461	0.028084	0.045654
2462	0.027716	0.04468
2463	0.027523	0.044204
2464	0.027354	0.043752
2465	0.027035	0.042893
2466	0.026857	0.042413
2467	0.026557	0.041598
2468	0.026405	0.041183
2469	0.026248	0.040753
2470	0.02595	0.03993
2471	0.025822	0.039576
2472	0.025678	0.039177
2473	0.0254	0.038401
2474	0.025277	0.038055
2475	0.025141	0.037673
2476	0.024907	0.037012
2477	0.024786	0.036629
2478	0.02455	0.035955
2479	0.024416	0.035532
2480	0.024312	0.035235
2481	0.024129	0.034666
2482	0.024049	0.034398
2483	0.023991	0.034228
2484	0.023825	0.033707
2485	0.023701	0.033305
2486	0.023427	0.032461
2487	0.023386	0.032301
2488	0.023301	0.03201
2489	0.023071	0.031288
2490	0.023008	0.03106
2491	0.022924	0.03077
2492	0.022803	0.030327
2493	0.022735	0.030086
2494	0.022634	0.029701
2495	0.022602	0.029567
2496	0.022583	0.029431
2497	0.022503	0.029111
2498	0.022476	0.028951
2499	0.022416	0.028692
2500	0.022397	0.028556
